456,247
456,247
456,247
456,247
457,247
457,247
457,247
457,247
457,248
456,247
456,248
456,248
455,248
455,249
454,249
456,247
455,247
454,248
453,248
453,248
452,249
451,250
451,250
450,250
448,251
448,252
447,252
446,252
445,253
444,253
444,254
443,253
442,254
442,253
442,254
441,253
440,253
440,253
440,252
440,252
440,252
440,251
440,250
440,249
440,249
441,248
441,247
441,248
442,246
443,246
443,246
444,245
445,245
446,244
447,244
447,243
447,244
448,244
450,243
452,244
453,243
454,244
456,244
457,243
458,244
459,244
461,244
462,243
463,244
463,243
464,243
464,243
464,243
465,242
464,243
464,243
464,242
464,243
464,242
464,243
464,243
464,243
465,242
465,243
465,243
465,243
465,243
465,244
464,243
464,243
464,243
464,243
464,243
464,243
464,243
464,243
464,243
464,242
464,242
464,243
464,242
464,242
463,242
463,242
463,242
464,242
463,241
463,241
463,242
463,241
462,241
462,241
462,241
462,241
462,241
462,241
462,240
462,241
462,241
462,240
461,241
461,241
460,240
461,240
461,241
461,240
461,241
461,241
460,240
459,241
460,240
460,241
459,241
459,241
458,241
457,241
457,242
455,241
454,242
453,243
452,243
451,243
450,243
450,244
449,245
448,245
447,245
447,245
447,246
446,246
446,247
445,246
445,246
444,246
444,247
444,246
443,246
443,245
444,245
444,245
444,244
444,244
444,243
445,243
445,243
446,242
447,242
447,241
447,241
448,240
449,240
449,240
450,240
450,239
450,239
451,239
452,238
453,239
453,238
454,238
455,238
456,238
456,238
457,238
458,237
459,238
459,237
459,238
460,237
460,237
460,238
460,237
461,237
460,238
460,237
460,237
460,237
460,238
461,237
460,237
460,237
460,238
460,238
460,238
459,237
459,238
459,238
459,238
459,238
459,237
458,238
458,238
458,237
458,237
457,238
457,237
457,237
457,238
457,237
457,237
457,237
456,238
455,237
456,238
455,238
454,238
453,239
452,240
451,239
450,240
450,241
449,240
448,241
447,242
447,241
446,241
446,241
446,241
445,241
445,241
445,241
444,240
444,240
444,240
443,239
444,240
444,239
444,239
445,238
445,238
445,237
445,238
446,237
447,237
449,236
449,236
450,236
451,236
452,236
453,236
455,236
456,235
457,236
458,235
460,235
462,235
462,234
462,235
462,234
462,235
462,234
463,235
462,234
462,235
463,234
462,235
462,234
462,235
461,234
462,235
462,234
462,235
462,234
461,234
461,235
461,234
461,234
460,235
460,234
460,234
460,234
459,234
458,234
458,235
457,234
456,237
455,237
453,237
454,235
453,235
451,236
450,236
449,236
448,237
447,237
446,238
445,238
444,238
444,238
443,239
442,238
441,239
440,239
441,239
440,238
440,238
440,238
440,238
441,238
441,237
441,237
442,236
443,236
443,235
444,235
445,235
446,234
447,234
448,233
450,233
451,232
452,233
454,232
456,232
457,232
460,232
461,231
463,231
464,232
464,231
464,231
464,231
464,232
465,231
464,232
464,232
464,231
464,232
464,231
464,232
463,232
463,231
463,232
463,231
463,231
462,231
462,232
462,231
462,230
461,231
460,231
460,231
458,232
457,233
456,235
454,235
454,236
453,236
452,237
453,233
451,233
450,233
449,234
448,234
448,235
447,235
445,235
444,236
444,235
443,236
442,235
441,236
441,236
441,235
441,235
442,235
442,234
442,234
442,234
442,233
443,233
444,233
444,232
444,232
445,231
446,231
448,231
448,230
449,230
450,230
452,230
453,229
455,229
456,228
457,229
459,228
460,228
461,227
462,228
462,227
462,228
462,228
461,227
462,228
462,228
462,228
461,228
462,228
462,228
462,228
461,229
461,227
461,228
461,228
461,228
460,228
460,228
460,228
460,228
460,229
458,228
457,229
456,229
455,231
455,230
454,232
453,232
452,233
452,233
452,234
452,235
451,236
450,236
450,237
450,237
450,237
450,238
449,238
449,239
448,240
448,239
448,239
448,241
447,239
446,241
446,240
447,241
446,240
446,240
446,240
446,240
445,239
445,238
444,238
445,238
445,237
446,237
446,237
446,236
446,234
446,234
447,234
447,233
447,232
447,232
448,231
449,231
449,230
450,229
451,229
452,229
453,227
453,228
455,227
455,227
456,226
457,227
458,226
459,225
459,226
459,225
460,226
460,225
460,226
460,225
460,226
460,226
460,226
461,225
460,226
460,226
460,226
460,225
460,226
460,226
460,226
460,226
460,225
460,227
460,225
460,226
460,226
459,226
458,227
458,226
457,226
457,227
456,227
456,228
455,228
455,229
454,229
453,230
453,230
453,230
453,231
452,232
452,232
452,232
451,233
450,233
451,234
450,234
450,234
450,234
450,235
449,236
449,235
449,235
449,236
449,236
448,236
448,236
447,237
447,236
448,236
447,237
447,235
447,236
446,235
446,236
446,235
446,235
446,234
446,234
446,234
446,233
447,233
448,233
447,233
448,232
448,231
448,231
449,231
449,230
449,230
449,229
450,229
450,229
451,227
452,228
452,227
453,226
453,227
454,225
454,226
455,225
456,225
457,225
458,224
459,224
460,225
461,223
461,223
461,223
461,224
461,223
462,224
462,224
462,224
461,223
461,224
461,223
461,224
461,224
461,224
461,223
462,224
461,225
461,224
460,224
460,224
459,225
459,225
458,225
457,226
456,226
456,228
455,227
454,229
454,229
454,229
453,231
453,230
452,232
452,232
452,232
451,232
451,233
451,233
451,234
450,234
450,234
451,234
450,236
450,234
449,236
449,234
449,236
449,235
448,235
447,235
447,236
447,235
447,234
447,235
446,234
446,234
446,234
445,233
446,233
446,233
445,232
445,232
445,232
445,231
446,231
445,230
445,230
446,229
447,229
447,228
448,228
448,227
449,227
449,227
450,226
451,225
452,225
452,225
453,224
454,224
456,223
457,223
458,223
459,223
460,222
461,223
462,222
464,222
465,222
466,222
468,222
468,222
470,222
470,222
470,222
470,222
471,222
470,223
470,222
470,223
469,223
468,223
468,224
467,224
466,225
465,225
463,225
462,227
460,227
459,228
458,228
456,230
454,230
453,231
452,232
451,232
449,233
448,234
446,235
446,235
446,238
445,237
443,237
443,238
442,238
441,239
441,238
439,238
439,238
439,238
438,239
438,239
442,242
443,243
443,243
443,243
442,242
442,243
442,242
442,242
438,238
438,237
439,237
437,235
439,235
439,234
439,233
440,233
441,233
442,232
443,231
440,228
441,226
443,226
444,225
445,224
446,223
447,224
448,222
449,221
450,221
452,220
453,220
455,220
456,219
457,220
459,219
461,219
462,219
463,220
464,220
465,220
466,220
468,221
468,222
469,223
469,223
469,225
469,225
469,226
469,227
469,229
468,229
467,230
466,230
466,232
465,232
464,233
463,233
462,234
462,234
461,234
460,234
458,235
457,234
455,234
454,235
452,234
452,233
450,234
449,233
447,233
446,234
445,233
444,233
443,232
441,232
440,233
439,231
439,232
438,232
440,233
438,232
439,233
438,231
438,232
438,232
438,232
438,232
438,232
438,232
437,230
436,231
436,230
437,229
437,229
438,230
438,230
439,229
439,229
439,229
438,225
438,224
439,224
440,223
441,223
442,222
443,221
445,221
446,220
447,220
449,219
450,218
451,218
452,217
453,216
454,216
455,215
456,215
458,215
459,214
460,215
461,214
462,215
463,215
463,215
464,216
464,216
464,216
465,218
465,218
465,219
464,220
464,221
464,222
464,223
463,223
463,225
462,226
462,227
461,228
461,228
460,230
459,230
459,230
458,231
457,231
456,232
455,232
454,232
452,232
451,232
450,232
449,231
447,231
446,231
445,231
443,230
441,230
440,229
439,230
438,228
437,229
436,228
435,228
436,228
436,230
436,228
436,229
435,228
434,228
434,228
434,228
435,228
434,227
434,228
434,227
435,226
435,227
436,226
436,226
437,227
437,225
438,226
439,225
440,226
441,226
442,225
444,226
446,228
446,227
448,230
450,231
451,231
453,234
455,237
457,243
458,242
458,242
458,242
458,242
458,242
458,242
458,242
458,242
458,242
458,242
458,242
458,242
458,242
458,242
458,242
458,242
458,242
458,242
458,242
458,242
458,242
458,242
458,242
458,242
458,242
458,242
458,242
458,242
458,242
458,242
458,242
458,242
458,242
458,242
458,242
458,242
458,242
458,242
458,242
458,242
458,242
458,242
458,242
458,242
458,242
458,242
458,242
458,242
458,242
458,242
458,242
458,242
458,242
458,242
458,242
458,242
458,242
458,242
458,242
458,242
458,242
458,242
458,242
458,242
458,242
458,242
458,242
458,242
458,242
458,242
458,242
458,242
458,242
458,242
458,242
458,242
458,242
458,242
458,242
458,242
458,242
458,242
458,242
458,242
458,242
458,242
458,242
458,242
458,242
458,242
458,242
458,242
458,242
458,242
458,242
458,242
458,242
458,242
458,242
458,242
458,242
458,242
458,242
458,242
458,242
458,242
458,242
458,242
458,242
458,242
458,242
458,242
458,242
458,242
458,242
458,242
458,242
458,242
458,242
458,242
458,242
458,242
458,242
458,242
458,242
458,242
458,242
458,242
458,242
458,242
458,242
458,242
458,242
458,242
458,242
458,242
458,242
458,242
458,242
458,242
458,242
458,242
458,242
458,242
458,242
458,242
458,242
458,242
458,242
458,242
458,242
458,242
458,242
458,242
458,242
458,242
458,242
458,242
458,242
458,242
458,242
458,242
458,242
458,242
458,242
458,242
458,242
458,242
458,242
458,242
458,242
458,242
458,242
458,242
